   0.0335  -0.0160  -0.0188  -0.0187   0.0078   0.0129  -0.1337
  -0.0160   0.0077   0.0090   0.0089  -0.0037  -0.0060   0.0642
  -0.0188   0.0090   0.0108   0.0101  -0.0045  -0.0065   0.0761
  -0.0187   0.0089   0.0101   0.0115  -0.0042  -0.0099   0.0710
   0.0078  -0.0037  -0.0045  -0.0042   0.0023   0.0017  -0.0318
   0.0129  -0.0060  -0.0065  -0.0099   0.0017   0.0278  -0.0333
  -0.1337   0.0642   0.0761   0.0710  -0.0318  -0.0333   0.5542

   0.0335  -0.0160  -0.0188  -0.0187   0.0078   0.0129  -0.1337
  -0.0160   0.0077   0.0090   0.0089  -0.0037  -0.0060   0.0642
  -0.0188   0.0090   0.0108   0.0101  -0.0045  -0.0065   0.0761
  -0.0187   0.0089   0.0101   0.0115  -0.0042  -0.0099   0.0710
   0.0078  -0.0037  -0.0045  -0.0042   0.0023   0.0017  -0.0318
   0.0129  -0.0060  -0.0065  -0.0099   0.0017   0.0278  -0.0333
  -0.1337   0.0642   0.0761   0.0710  -0.0318  -0.0333   0.5542

   0.0335  -0.0160  -0.0188  -0.0187   0.0078   0.0129  -0.1337
  -0.0160   0.0077   0.0090   0.0089  -0.0037  -0.0060   0.0642
  -0.0188   0.0090   0.0108   0.0101  -0.0045  -0.0065   0.0761
  -0.0187   0.0089   0.0101   0.0115  -0.0042  -0.0099   0.0710
   0.0078  -0.0037  -0.0045  -0.0042   0.0023   0.0017  -0.0318
   0.0129  -0.0060  -0.0065  -0.0099   0.0017   0.0278  -0.0333
  -0.1337   0.0642   0.0761   0.0710  -0.0318  -0.0333   0.5542

   0.0335  -0.0160  -0.0188  -0.0187   0.0078   0.0129  -0.1337
  -0.0160   0.0077   0.0090   0.0089  -0.0037  -0.0060   0.0642
  -0.0188   0.0090   0.0108   0.0101  -0.0045  -0.0065   0.0761
  -0.0187   0.0089   0.0101   0.0115  -0.0042  -0.0099   0.0710
   0.0078  -0.0037  -0.0045  -0.0042   0.0023   0.0017  -0.0318
   0.0129  -0.0060  -0.0065  -0.0099   0.0017   0.0278  -0.0333
  -0.1337   0.0642   0.0761   0.0710  -0.0318  -0.0333   0.5542

   0.0335  -0.0160  -0.0188  -0.0187   0.0078   0.0129  -0.1337
  -0.0160   0.0077   0.0090   0.0089  -0.0037  -0.0060   0.0642
  -0.0188   0.0090   0.0108   0.0101  -0.0045  -0.0065   0.0761
  -0.0187   0.0089   0.0101   0.0115  -0.0042  -0.0099   0.0710
   0.0078  -0.0037  -0.0045  -0.0042   0.0023   0.0017  -0.0318
   0.0129  -0.0060  -0.0065  -0.0099   0.0017   0.0278  -0.0333
  -0.1337   0.0642   0.0761   0.0710  -0.0318  -0.0333   0.5542

   0.0335  -0.0160  -0.0188  -0.0187   0.0078   0.0129  -0.1337
  -0.0160   0.0077   0.0090   0.0089  -0.0037  -0.0060   0.0642
  -0.0188   0.0090   0.0108   0.0101  -0.0045  -0.0065   0.0761
  -0.0187   0.0089   0.0101   0.0115  -0.0042  -0.0099   0.0710
   0.0078  -0.0037  -0.0045  -0.0042   0.0023   0.0017  -0.0318
   0.0129  -0.0060  -0.0065  -0.0099   0.0017   0.0278  -0.0333
  -0.1337   0.0642   0.0761   0.0710  -0.0318  -0.0333   0.5542

