   8.0166e-04   7.9023e-04   3.8552e-08  -2.0563e-05  -6.6547e-04   2.8380e-04   1.6582e-05  -3.3252e-04
   7.9023e-04   7.8049e-04   3.8481e-08  -2.0297e-05  -6.5675e-04   2.7971e-04   1.6352e-05  -3.4261e-04
   3.8552e-08   3.8481e-08   4.1626e-10  -6.9237e-10  -3.2228e-08   1.3580e-08   7.0926e-10  -1.4240e-05
  -2.0563e-05  -2.0297e-05  -6.9237e-10   5.2820e-07   1.7083e-05  -7.2789e-06  -4.2551e-07   5.8634e-07
  -6.6547e-04  -6.5675e-04  -3.2228e-08   1.7083e-05   5.5281e-04  -2.3557e-04  -1.3768e-05   2.8045e-04
   2.8380e-04   2.7971e-04   1.3580e-08  -7.2789e-06  -2.3557e-04   1.0047e-04   5.8701e-06  -1.1366e-04
   1.6582e-05   1.6352e-05   7.0926e-10  -4.2551e-07  -1.3768e-05   5.8701e-06   3.4310e-07  -2.5162e-08
  -3.3252e-04  -3.4261e-04  -1.4240e-05   5.8634e-07   2.8045e-04  -1.1366e-04  -2.5162e-08   1.9872e+00

   8.0166e-04   7.9023e-04   3.8552e-08  -2.0563e-05  -6.6547e-04   2.8380e-04   1.6582e-05  -3.3252e-04
   7.9023e-04   7.8049e-04   3.8481e-08  -2.0297e-05  -6.5675e-04   2.7971e-04   1.6352e-05  -3.4261e-04
   3.8552e-08   3.8481e-08   4.1626e-10  -6.9237e-10  -3.2228e-08   1.3580e-08   7.0926e-10  -1.4240e-05
  -2.0563e-05  -2.0297e-05  -6.9237e-10   5.2820e-07   1.7083e-05  -7.2789e-06  -4.2551e-07   5.8634e-07
  -6.6547e-04  -6.5675e-04  -3.2228e-08   1.7083e-05   5.5281e-04  -2.3557e-04  -1.3768e-05   2.8045e-04
   2.8380e-04   2.7971e-04   1.3580e-08  -7.2789e-06  -2.3557e-04   1.0047e-04   5.8701e-06  -1.1366e-04
   1.6582e-05   1.6352e-05   7.0926e-10  -4.2551e-07  -1.3768e-05   5.8701e-06   3.4310e-07  -2.5162e-08
  -3.3252e-04  -3.4261e-04  -1.4240e-05   5.8634e-07   2.8045e-04  -1.1366e-04  -2.5162e-08   1.9872e+00

   8.0166e-04   7.9023e-04   3.8552e-08  -2.0563e-05  -6.6547e-04   2.8380e-04   1.6582e-05  -3.3252e-04
   7.9023e-04   7.8049e-04   3.8481e-08  -2.0297e-05  -6.5675e-04   2.7971e-04   1.6352e-05  -3.4261e-04
   3.8552e-08   3.8481e-08   4.1626e-10  -6.9237e-10  -3.2228e-08   1.3580e-08   7.0926e-10  -1.4240e-05
  -2.0563e-05  -2.0297e-05  -6.9237e-10   5.2820e-07   1.7083e-05  -7.2789e-06  -4.2551e-07   5.8634e-07
  -6.6547e-04  -6.5675e-04  -3.2228e-08   1.7083e-05   5.5281e-04  -2.3557e-04  -1.3768e-05   2.8045e-04
   2.8380e-04   2.7971e-04   1.3580e-08  -7.2789e-06  -2.3557e-04   1.0047e-04   5.8701e-06  -1.1366e-04
   1.6582e-05   1.6352e-05   7.0926e-10  -4.2551e-07  -1.3768e-05   5.8701e-06   3.4310e-07  -2.5162e-08
  -3.3252e-04  -3.4261e-04  -1.4240e-05   5.8634e-07   2.8045e-04  -1.1366e-04  -2.5162e-08   1.9872e+00

   8.0166e-04   7.9023e-04   3.8552e-08  -2.0563e-05  -6.6547e-04   2.8380e-04   1.6582e-05  -3.3252e-04
   7.9023e-04   7.8049e-04   3.8481e-08  -2.0297e-05  -6.5675e-04   2.7971e-04   1.6352e-05  -3.4261e-04
   3.8552e-08   3.8481e-08   4.1626e-10  -6.9237e-10  -3.2228e-08   1.3580e-08   7.0926e-10  -1.4240e-05
  -2.0563e-05  -2.0297e-05  -6.9237e-10   5.2820e-07   1.7083e-05  -7.2789e-06  -4.2551e-07   5.8634e-07
  -6.6547e-04  -6.5675e-04  -3.2228e-08   1.7083e-05   5.5281e-04  -2.3557e-04  -1.3768e-05   2.8045e-04
   2.8380e-04   2.7971e-04   1.3580e-08  -7.2789e-06  -2.3557e-04   1.0047e-04   5.8701e-06  -1.1366e-04
   1.6582e-05   1.6352e-05   7.0926e-10  -4.2551e-07  -1.3768e-05   5.8701e-06   3.4310e-07  -2.5162e-08
  -3.3252e-04  -3.4261e-04  -1.4240e-05   5.8634e-07   2.8045e-04  -1.1366e-04  -2.5162e-08   1.9872e+00

   8.0166e-04   7.9023e-04   3.8552e-08  -2.0563e-05  -6.6547e-04   2.8380e-04   1.6582e-05  -3.3252e-04
   7.9023e-04   7.8049e-04   3.8481e-08  -2.0297e-05  -6.5675e-04   2.7971e-04   1.6352e-05  -3.4261e-04
   3.8552e-08   3.8481e-08   4.1626e-10  -6.9237e-10  -3.2228e-08   1.3580e-08   7.0926e-10  -1.4240e-05
  -2.0563e-05  -2.0297e-05  -6.9237e-10   5.2820e-07   1.7083e-05  -7.2789e-06  -4.2551e-07   5.8634e-07
  -6.6547e-04  -6.5675e-04  -3.2228e-08   1.7083e-05   5.5281e-04  -2.3557e-04  -1.3768e-05   2.8045e-04
   2.8380e-04   2.7971e-04   1.3580e-08  -7.2789e-06  -2.3557e-04   1.0047e-04   5.8701e-06  -1.1366e-04
   1.6582e-05   1.6352e-05   7.0926e-10  -4.2551e-07  -1.3768e-05   5.8701e-06   3.4310e-07  -2.5162e-08
  -3.3252e-04  -3.4261e-04  -1.4240e-05   5.8634e-07   2.8045e-04  -1.1366e-04  -2.5162e-08   1.9872e+00

